-2.43366812386143E+217 
-2.83273223712511E+217 
-1.82759811911159E+217 
-2.21129441343706E+217 
-1.67037751965676E+217 
-3.22687114053102E+217 
-3.02871485915567E+217 
-1.79751803302823E+217 
-2.34543759134233E+217 
-2.54401737634456E+217 
-2.7820249938751E+217 
-2.29498624029302E+217 
 4.93053194321741E+221 
 4.98304271509281E+221 
 4.80713546971213E+221 
 4.84163172765063E+221 
-2.16737214843789E+217 
-1.57764820113145E+217 
-2.3084806138461E+217 
-2.33843484139124E+217 
-2.80135915327359E+217 
-2.57674520917918E+217 
-2.93790041002797E+217 
-2.54340702718598E+217 
-2.48256753513628E+217 
-2.75742044567787E+217 
-2.35201733044446E+217 
-2.31975079516031E+217 
-3.44427148446069E+217 
-2.00691414800198E+217 
-1.98448030880978E+217 
-1.81561987323108E+217 
-2.79078970298662E+217 
-2.46514845171038E+217 
-2.41308001864911E+217 
-2.3309762834986E+217 
-1.69532068677082E+217 
-2.4964077975962E+217 
-2.31254431220017E+217 
-2.33863930825081E+217 
-2.8908887405496E+217 
-2.73398936141051E+217 
-2.17133109093587E+217 
-1.76703999145837E+217 
-2.07913844983155E+217 
-2.41994665208191E+217 
-2.29283420261027E+217 
-2.57760725378737E+217 
-2.00250083037124E+217 
-1.79292169866829E+217 
-2.2618141600454E+217 
-3.40879323922411E+217 
-2.0593946179846E+217 
-2.79621363149822E+217 
-2.67402654190898E+217 
-2.59035934034928E+217 
-2.31027786234956E+217 
-3.54399933534085E+217 
-2.48993072439541E+217 
-2.46381196657036E+217 
-2.25779425035238E+217 
-2.04210347305685E+217 
-2.19428429845023E+217 
-1.32640302477325E+217 
-2.91989759940343E+217 
-2.70076446741757E+217 
-2.6185692546235E+217 
-2.8277942631976E+217 
-2.69455530537795E+217 
-2.47301827640083E+217 
-2.30800496620043E+217 
-2.45518887153061E+217 
-2.45634905601277E+217 
-2.34750385334363E+217 
-2.44929493332711E+217 
-3.10070595334391E+217 
-2.53973967890339E+217 
-2.32453304756076E+217 
-2.23605794933673E+217 
-2.90902135347134E+217 
-1.97473861867442E+217 
-2.32080191206773E+217 
-2.35498615761256E+217 
-2.2605950209182E+217 
-2.73027149906923E+217 
-3.18859539248477E+217 
-2.2714073703389E+217 
-2.55292624684865E+217 
-2.22851588378067E+217 
-2.11351331406824E+217 
-2.8119928703575E+217 
-2.52796448751182E+217 
-2.29741439895012E+217 
-3.35992198866602E+217 
-2.86752230573563E+217 
-3.07927691409783E+217 
-2.52916952243521E+217 
-2.04468936399742E+217 
-1.52800568517515E+217 
-2.25415868894888E+217 
-2.50710501315593E+217 
-3.00372697347115E+217 
-2.64106125708779E+217 
-1.73612030682493E+217 
-2.70716229382009E+217 
-2.9844255948024E+217 
-2.63985123632239E+217 
-2.18996629380934E+217 
-2.42573670258698E+217 
-2.52635930270089E+217 
-2.04830844172593E+217 
-2.52084417780923E+217 
-2.01564257284132E+217 
-2.4860419432559E+217 
-1.99231392626976E+217 
-2.58178403970023E+217 
-3.12993066668831E+217 
-2.32965826078348E+217 
-3.05717384156384E+217 
-2.62864740739554E+217 
-2.22536504645009E+217 
-3.18431074682782E+217 
-1.9643307855293E+217 
-2.3363840002683E+217 
-2.32856524484627E+217 
-1.81003709996407E+217 
-2.21363500623314E+217 
-2.16890363092156E+217 
-2.41068596785251E+217 
-3.09707690038357E+217 
-3.32733591512822E+217 
-2.65412500088478E+217 
-2.30823111558418E+217 
-2.35907710123093E+217 
-2.83177255359541E+217 
-2.10928090708864E+217 
-2.71519361055098E+217 
-2.66261760386667E+217 
-2.64136956720163E+217 
-3.00006128078272E+217 
-2.49387018610483E+217 
-2.15058465500268E+217 
-2.32080874221068E+217 
-2.55043005541781E+217 
-2.94772047979228E+217 
-3.03381423471392E+217 
-2.897648375772E+217 
-2.93320667230146E+217 
-2.8371798594979E+217 
-2.04926241191096E+217 
-2.3690660855971E+217 
-1.95561666709745E+217 
-2.43881466820369E+217 
-2.21678971085761E+217 
-1.73863019628504E+217 
-3.30138271385961E+217 
-2.09778273870092E+217 
-3.55097390049168E+217 
-3.0852716432817E+217 
-2.19265558958477E+217 
-2.68099013265946E+217 
-2.36156864013777E+217 
-1.92951770506663E+217 
-2.98297068191335E+217 
-2.21864952408779E+217 
-1.84939792121894E+217 
-2.60766381961317E+217 
-2.61218834186954E+217 
-2.37912758674966E+217 
-2.50122444322571E+217 
-2.67312606666049E+217 
-2.55815393985766E+217 
-2.20236057733564E+217 
-2.40871373813128E+217 
-2.23720160632246E+217 
-2.0438915118514E+217 
-3.10237808211364E+217 
-2.90936063886127E+217 
-2.02645559850636E+217 
-2.88203524144064E+217 
-2.77037309754927E+217 
-2.3113669554778E+217 
-2.20769572100964E+217 
-2.25732704777791E+217 
-2.33882775046002E+217 
-2.73326035422565E+217 
-3.07856862641209E+217 
-2.80249017107486E+217 
-1.74727477699254E+217 
-2.26141293849282E+217 
-3.20479171122811E+217 
-2.77628129400697E+217 
-2.71673584941902E+217 
-3.60983414249348E+217 
-2.81441243000816E+217 
-2.3333939748089E+217 
-3.29974886516498E+217 
-2.40133072540674E+217 
-2.83126593674902E+217 
-2.04111937584794E+217 
-1.8043890650246E+217 
-2.2159975943908E+217 
-2.81778887106357E+217 
-2.28501414170058E+217 
