-3.035253638107E-84 
-4.50471581109048E-82 
-8.25067480923045E-84 
-1.22450871316594E-81 
-2.24276594064559E-83 
-2.24276594064559E-83 
-8.25067480923045E-84 
-1.22450871316594E-81 
-1.65719233522013E-82 
-4.10776910808169E-85 
-4.10776910808169E-85 
-1.22450871316594E-81 
-1.65719233522013E-82 
-2.24276594064559E-83 
-8.25067480923045E-84 
-4.50471581109048E-82 
-1.65719233522013E-82 
-8.25067480923045E-84 
-6.09646990194377E-83 
-4.50471581109048E-82 
-1.22450871316594E-81 
-1.11660741220039E-84 
-4.10776910808169E-85 
-2.24276594064559E-83 
-1.65719233522013E-82 
-3.32855978378874E-81 
-4.10776910808169E-85 
-1.65719233522013E-82 
-4.10776910808169E-85 
-4.10776910808169E-85 
-1.65719233522013E-82 
-8.25067480923045E-84 
-2.24276594064559E-83 
-1.22450871316594E-81 
-8.25067480923045E-84 
-1.22450871316594E-81 
-3.035253638107E-84 
-4.50471581109048E-82 
-4.10776910808169E-85 
-2.24276594064559E-83 
-3.32855978378874E-81 
-6.09646990194377E-83 
-4.50471581109048E-82 
-1.11660741220039E-84 
-8.25067480923045E-84 
-4.50471581109048E-82 
-1.22450871316594E-81 
-1.65719233522013E-82 
-3.035253638107E-84 
-2.24276594064559E-83 
-1.22450871316594E-81 
-3.035253638107E-84 
-8.25067480923045E-84 
-1.11660741220039E-84 
-3.035253638107E-84 
-4.10776910808169E-85 
-1.65719233522013E-82 
-3.32855978378874E-81 
-3.035253638107E-84 
-2.24276594064559E-83 
-8.25067480923045E-84 
-4.50471581109048E-82 
-4.50471581109048E-82 
-6.09646990194377E-83 
-8.25067480923045E-84 
-4.50471581109048E-82 
-8.25067480923045E-84 
-1.22450871316594E-81 
-1.11660741220039E-84 
-2.24276594064559E-83 
-6.09646990194377E-83 
-3.32855978378874E-81 
-8.25067480923045E-84 
-1.11660741220039E-84 
-4.50471581109048E-82 
-3.035253638107E-84 
-8.25067480923045E-84 
-3.32855978378874E-81 
-4.10776910808169E-85 
-3.32855978378874E-81 
-4.10776910808169E-85 
-2.24276594064559E-83 
-8.25067480923045E-84 
-1.65719233522013E-82 
-3.035253638107E-84 
-2.24276594064559E-83 
-3.32855978378874E-81 
-8.25067480923045E-84 
-1.65719233522013E-82 
-3.035253638107E-84 
-3.035253638107E-84 
-3.035253638107E-84 
-6.09646990194377E-83 
-6.09646990194377E-83 
-1.11660741220039E-84 
-1.11660741220039E-84 
-1.22450871316594E-81 
-1.11660741220039E-84 
-4.50471581109048E-82 
-1.65719233522013E-82 
-8.25067480923045E-84 
-4.10776910808169E-85 
-6.09646990194377E-83 
-1.22450871316594E-81 
-1.22450871316594E-81 
-3.32855978378874E-81 
-1.22450871316594E-81 
-3.035253638107E-84 
-8.25067480923045E-84 
-3.32855978378874E-81 
-4.50471581109048E-82 
-4.50471581109048E-82 
-1.22450871316594E-81 
-8.25067480923045E-84 
-2.24276594064559E-83 
-3.32855978378874E-81 
-2.24276594064559E-83 
-1.11660741220039E-84 
-8.25067480923045E-84 
-1.22450871316594E-81 
-1.22450871316594E-81 
-4.10776910808169E-85 
-3.035253638107E-84 
-1.22450871316594E-81 
-1.11660741220039E-84 
-3.035253638107E-84 
-2.24276594064559E-83 
-4.50471581109048E-82 
-4.10776910808169E-85 
-1.65719233522013E-82 
-2.24276594064559E-83 
-1.11660741220039E-84 
-1.11660741220039E-84 
-8.25067480923045E-84 
-6.09646990194377E-83 
-4.10776910808169E-85 
-1.22450871316594E-81 
-6.09646990194377E-83 
-1.22450871316594E-81 
-8.25067480923045E-84 
-1.65719233522013E-82 
-1.65719233522013E-82 
-3.32855978378874E-81 
-1.65719233522013E-82 
-6.09646990194377E-83 
-6.09646990194377E-83 
-2.24276594064559E-83 
-3.035253638107E-84 
-1.11660741220039E-84 
-1.11660741220039E-84 
-4.50471581109048E-82 
-1.65719233522013E-82 
-1.22450871316594E-81 
-3.32855978378874E-81 
-1.22450871316594E-81 
-8.25067480923045E-84 
-4.50471581109048E-82 
-4.50471581109048E-82 
-1.65719233522013E-82 
-6.09646990194377E-83 
-2.24276594064559E-83 
-1.11660741220039E-84 
-3.035253638107E-84 
-4.50471581109048E-82 
-6.09646990194377E-83 
-6.09646990194377E-83 
-6.09646990194377E-83 
-6.09646990194377E-83 
-4.50471581109048E-82 
-2.24276594064559E-83 
-1.11660741220039E-84 
-3.32855978378874E-81 
-3.035253638107E-84 
-4.10776910808169E-85 
-3.035253638107E-84 
-1.11660741220039E-84 
-1.11660741220039E-84 
-1.65719233522013E-82 
-8.25067480923045E-84 
-1.65719233522013E-82 
-1.22450871316594E-81 
-3.035253638107E-84 
-6.09646990194377E-83 
-1.22450871316594E-81 
-1.22450871316594E-81 
-4.50471581109048E-82 
-8.25067480923045E-84 
-3.035253638107E-84 
-6.09646990194377E-83 
-3.035253638107E-84 
-3.035253638107E-84 
-1.11660741220039E-84 
-1.22450871316594E-81 
-3.035253638107E-84 
-1.22450871316594E-81 
-2.24276594064559E-83 
-2.24276594064559E-83 
-1.11660741220039E-84 
-1.11660741220039E-84 
-4.10776910808169E-85 
-3.32855978378874E-81 
-3.32855978378874E-81 
-2.24276594064559E-83 
-4.50471581109048E-82 
